k{ 1 1 1.41 0.1 0.2 0.15 0.9 1.1 1.3 k}
i{ 0.50 i}
|
k{ 155 171 159 182 189 158 164 192 156 195 194 169 k}
i{ 14802.92 i}
|
k{ 170 175 186 154 153 178 187 168 196 179 160 199 k}
i{ 14435.11 i}
|
k{ 193 200 151 166 157 191 180 174 176 150 197 198 k}
i{ 13702.60 i}
|
k{ 165 190 172 188 184 167 152 181 161 183 173 177 k}
i{ 13874.05 i}
|
k{ 1751 1934 1677 1703 1521 1811 1852 1531 1510 1713 1935 1607 1909 1997 1567 k}
i{ 1399429.25 i}
|
k{ 1704 1936 1910 1582 1738 1623 1590 1557 1673 1817 1941 1631 1750 1940 1931 k}
i{ 1510599.88 i}
|
k{ 1535 1518 1758 1705 1731 1651 1617 1637 1642 1807 1933 1871 1960 1820 1538 k}
i{ 1511302.88 i}
|
k{ 1996 1764 1891 1930 1571 1860 1958 1646 1690 1613 1842 1828 1625 1664 1741 k}
i{ 1524774.12 i}
|
