u{
 11 12 3 14 9 3 0 23
u}
i{
 11 5 12 3 14 14 9 3
i}
|
u{
 1 1 0 0
u}
i{
1 2 1
i}
|
u{
 2 1 4343 343 122 643 422 0 221
u}
i{
2 1 4343 343 15 122 643 21 422
i}
|
u{
 1 2 3 4 5 6 5 4 3 2 1 2 4 6 8 4 33 7 4 3 2 1 0 1
u}
i{
1 3 2 5 3 7 4 9 5 11 6 11 5 9 4 7 3 5 2 3 1 3 2 4 6 8 4 33 7 4 7 3 5 2 3 1
i}
|
u{
 10 3 6 3 34 1434 54543 4646 343 33535354 35334 0 -3
u}
i{
10 3 9 6 9 3 34 1434 54543 4646 343 33535354 35334
i}
|
u{
 20 10 3 32 6 3 34 34 3 35 3 35 67 99 1334 63243 3 342 34 3 6 3 34342 343452 0 32
u}
i{
20 10 3 32 6 3 34 34 3 11 35 11 3 11 35 21 67 31 99 1334 63243 3 342 34 3 6 3 34342 343452
i}
|
u{
 8 1 9 16 21 28 21 131 242 152 246 117 7 0 -7 358 0 7
u}
i{
8 9 1 9 16 16 21 13 28 13 21 131 242 152 246 117 7
i}
|
u{
 5 34 4 6 4 32 5 6 7 0 1
u}
i{
5 34 4 6 4 32 5 11 6 13 7
i}
|
u{
 10 34 46 342 11 22324 22111 567 344353 12141 43121 2 54 4  75 45 3 32 4 3 34 0 24
u}
i{
10 8 34 46 342 11 22324 22111 567 344353 12141 43121 2 54 4 75 45 3 32 4 3 34
i}
|
