u{
0 7 12 45 72 415 146 333 85
u}
i{
12 45 72 407 130 333 21
i}
|
u{
1 5 2 3 5 7 5
u}
i{
3 1 1 7 5
i}
|
u{
1000 6 3 353 36 23 46 343
u}
i{
3 355 36 31 62 375
i}
|
u{
45453 7 1 346 334 7757 3535 3553 24252
u}
i{
1 346 334 7757 3535 3553 24252
i}
|
u{
-35353 3 5646 245 4747
u}
i{
5647 247 4751
i}
|
u{
1001 10 1 2 3 4 5 4554 356 -3663 355 33565
u}
i{
1 2 7 12 21 4586 356 4294963505 355 33565
i}
|
u{
5 3 4 3 2
u}
i{
5 3 6 
i}
|
u{
38592 5 343 35 89335 344 0
u}
i{
343 35 89331 344 16
i}
|
u{
565 5 224 46 47 24353 466
u}
i{
225 46 47 24353 466
i}
|
