u{
1 2 3 4 5 0
u}
i{
5 4 3 2 1
i}
|
u{
-100 0
u}
i{
-100
i}
|
u{
1 0
u}
i{
1
i}
|
u{
0
u}
i{

i}
|
u{
100 100 200 300 352 33 -343 64364 -43 0
u}
i{
-43 64364 -343 33 352 300 200 100 100 
i}
|
u{
1 2 2 3 4 65 7 78 5 4 46 4 463 35 45 234 35 335 52 5523 352 63 352 34 234 343 326236 0
u}
i{
326236 343 234 34 352 63 352 5523 52 335 35 234 45 35 463 4 46 4 5 78 7 65 4 3 2 2 1 
i}
|
u{
300 38 34852398 59 3529 632 3 3942930 352 342 3 0
u}
i{
3 342 352 3942930 3 632 3529 59 34852398 38 300
i}
|
u{
1 2 2 3 4 65 7 78 5 4 46 4 463 35 45 234 35 335 52 5523 352 63 352 34 234 343 326236 1 2 2 3 4 65 7 78 5 4 46 4 463 35 45 234 35 335 52 5523 352 63 352 34 234 343 326236 1 2 2 3 4 65 7 78 5 4 46 4 463 35 45 234 35 335 52 5523 352 63 352 34 234 343 326236 1 2 2 3 4 65 7 78 5 4 46 4 463 35 45 234 35 335 52 5523 352 63 352 34 234 343 326236 1 2 2 3 4 65 7 78 5 4 46 4 463 35 45 234 35 335 52 5523 352 63 352 34 234 343 326236 1 2 2 3 4 65 7 78 5 4 46 4 463 35 45 234 35 335 52 5523 352 63 352 34 234 343 326236 1 2 2 3 4 65 7 78 5 4 46 4 463 35 45 234 35 335 52 5523 352 63 352 34 234 343 326236 0
u}
i{
326236 343 234 34 352 63 352 5523 52 335 35 234 45 35 463 4 46 4 5 78 7 65 4 3 2 2 1 326236 343 234 34 352 63 352 5523 52 335 35 234 45 35 463 4 46 4 5 78 7 65 4 3 2 2 1 326236 343 234 34 352 63 352 5523 52 335 35 234 45 35 463 4 46 4 5 78 7 65 4 3 2 2 1 326236 343 234 34 352 63 352 5523 52 335 35 234 45 35 463 4 46 4 5 78 7 65 4 3 2 2 1 326236 343 234 34 352 63 352 5523 52 335 35 234 45 35 463 4 46 4 5 78 7 65 4 3 2 2 1 326236 343 234 34 352 63 352 5523 52 335 35 234 45 35 463 4 46 4 5 78 7 65 4 3 2 2 1 326236 343 234 34 352 63 352 5523 52 335 35 234 45 35 463 4 46 4 5 78 7 65 4 3 2 2 1 
i}
|
u{
-4 -453 -35 -623 -362 5233 35253 0
u}
i{
35253 5233 -362 -623 -35 -453 -4 
i}
|

