u{
20 10 100 5 15 7 0
u}
i{
5 10 20
i}
|
u{
-100 0
u}
i{

i}
|
u{
1 464 -345 343 64 3432 2364 0
u}
i{
1 464
i}
|
u{
0
u}
i{

i}
|
u{
100 100 200 300 352 33 -343 64364 -43 0
u}
i{
100 100 200 300 352
i}
|
u{
1 2 2 3 4 65 7 78 5 4 46 4 463 35 45 234 35 335 52 5523 352 63 352 34 234 343 326236 0
u}
i{
1 2 2 3 4 4 7 35 52 78 234 335 352 463 5523
i}
|
u{
300 38 34852398 59 3529 632 3 3942930 352 342 3 0
u}
i{
3 38 300 3529
i}
|
u{
1 2 2 3 4 65 7 78 5 4 46 4 463 35 45 234 35 335 52 5523 352 63 352 34 234 343 326236 1 2 2 3 4 65 7 78 5 4 46 4 463 35 45 234 35 335 52 5523 352 63 352 34 234 343 326236 1 2 2 3 4 65 7 78 5 4 46 4 463 35 45 234 35 335 52 5523 352 63 352 34 234 343 326236 1 2 2 3 4 65 7 78 5 4 46 4 463 35 45 234 35 335 52 5523 352 63 352 34 234 343 326236 1 2 2 3 4 65 7 78 5 4 46 4 463 35 45 234 35 335 52 5523 352 63 352 34 234 343 326236 1 2 2 3 4 65 7 78 5 4 46 4 463 35 45 234 35 335 52 5523 352 63 352 34 234 343 326236 1 2 2 3 4 65 7 78 5 4 46 4 463 35 45 234 35 335 52 5523 352 63 352 34 234 343 326236 0
u}
i{
1 1 1 1 1 1 2 2 2 2 2 2 2 2 2 2 2 2 3 3 3 3 3 4 4 4 4 4 4 4 4 4 4 4 4 4 4 4 4 4 4 4 4 5 5 5 5 5 7 7 7 7 7 34 34 34 34 34 35 35 35 35 35 35 35 35 35 35 35 35 45 45 45 45 45 46 46 46 46 46 52 52 52 52 52 63 63 63 63 63 65 65 65 65 65 78 78 78 78 78 78 234 234 234 234 234 234 234 234 234 234 234 234 335 335 335 335 335 343 343 343 343 343 352 352 352 352 352 352 352 352 352 352 352 352 463 463 463 463 463 5523 5523 5523 5523 5523 5523 326236 326236 326236 326236 326236 326236
i}
|
u{
-4 -453 -35 -623 -362 5233 35253 0
u}
i{
-453 -4 5233
i}
|

